1.00439,0.670747
1.00939,0.68364
1.01439,0.875286
1.01939,0.840728
1.02439,0.644358
1.02939,0.962604
1.03439,0.753596
1.03939,0.993575
1.04439,1.29135
1.04939,1.10042
1.05439,0.951533
1.05939,1.1018
1.06439,0.969501
1.06939,0.814167
1.07439,1.23261
1.07939,0.873027
1.08439,1.59435
1.08939,0.975292
1.09439,0.928767
1.09939,1.0706
1.10439,0.941007
1.10939,1.02272
1.11439,1.32689
1.11939,1.11969
1.12439,0.932119
1.12939,0.796454
1.13439,1.03425
1.13939,1.50705
1.14439,1.0357
1.14939,1.1541
1.15439,1.16465
1.15939,0.8131
1.16439,0.963257
1.16939,1.55119
1.17439,1.32397
1.17939,1.3862
1.18439,1.57762
1.18939,1.09796
1.19439,1.47696
1.19939,1.54037
1.20439,2.08995
1.20939,1.92617
1.21439,1.64162
1.21939,2.11616
1.22439,2.65285
1.22939,2.32176
1.23439,2.16353
1.23939,1.72304
1.24439,1.74688
1.24939,2.15794
1.25439,1.72306
1.25939,2.11045
1.26439,1.64388
1.26939,1.76372
1.27439,1.67361
1.27939,2.17321
1.28439,0.868895
1.28939,1.22154
1.29439,0.915465
1.29939,0.989857
1.30439,1.18148
1.30939,1.47246
1.31439,1.69293
1.31939,1.82793
1.32439,1.61146
1.32939,2.30056
1.33439,1.63434
1.33939,1.80619
1.34439,1.39462
1.34939,1.62152
1.35439,1.95493
1.35939,1.60423
1.36439,1.8055
1.36939,1.75725
1.37439,1.74348
1.37939,1.55546
1.38439,1.53903
1.38939,1.31203
1.39439,1.81654
1.39939,2.02922
1.40439,1.71845
1.40939,1.60218
1.41439,1.57523
1.41939,2.0503
1.42439,1.50791
1.42939,1.72196
1.43439,1.46347
1.43939,1.79864
1.44439,2.44798
1.44939,2.04262
1.45439,2.1733
1.45939,2.35395
1.46439,2.32553
1.46939,2.29344
1.47439,2.26823
1.47939,2.4643
1.48439,3.35838
1.48939,2.37428
1.49439,2.86082
1.49939,2.96881
1.50439,2.11211
1.50939,2.41265
1.51439,1.71899
1.51939,1.84253
1.52439,1.68451
1.52939,1.77093
1.53439,1.81671
1.53939,2.05188
1.54439,2.16728
1.54939,2.0354
1.55439,2.34526
1.55939,1.59113
1.56439,1.73059
1.56939,1.83638
1.57439,2.39877
1.57939,2.50954
1.58439,3.02915
1.58939,1.63719
1.59439,2.05159
1.59939,1.48384
1.60439,2.11519
1.60939,2.34085
1.61439,2.38088
1.61939,2.2335
1.62439,2.14016
1.62939,2.0682
1.63439,1.96601
1.63939,1.68209
1.64439,2.03149
1.64939,2.49309
1.65439,2.90152
1.65939,2.96655
1.66439,2.44289
1.66939,2.41526
1.67439,2.24801
1.67939,2.73175
1.68439,2.56378
1.68939,3.71821
1.69439,3.27908
1.69939,4.35696
1.70439,4.1414
1.70939,4.1215
1.71439,3.34047
1.71939,2.72454
1.72439,2.96857
1.72939,4.08473
1.73439,5.45028
1.73939,6.27562
1.74439,5.65157
1.74939,4.26965
1.75439,3.52534
1.75939,4.01779
1.76439,4.53289
1.76939,6.50148
1.77439,5.3471
1.77939,4.39519
1.78439,4.35756
1.78939,4.58471
1.79439,4.8356
1.79939,5.01427
1.80439,6.16414
1.80939,6.57663
1.81439,6.68885
1.81939,7.26265
1.82439,7.55563
1.82939,6.14364
1.83439,7.4416
1.83939,7.68942
1.84439,7.94235
1.84939,10.2164
1.85439,10.5471
1.85939,11.158
1.86439,11.8693
1.86939,13.8788
1.87439,13.5086
1.87939,17.7339
1.88439,19.6307
1.88939,20.8071
1.89439,24.2123
1.89939,25.9239
1.90439,28.6754
1.90939,34.1677
1.91439,41.9065
1.91939,48.3393
1.92439,53.5262
1.92939,62.8586
1.93439,73.5931
1.93939,74.6045
1.94439,83.245
1.94939,95.8745
1.95439,101.488
1.95939,109.725
1.96439,119.826
1.96939,134.653
1.97439,143.697
1.97939,153.431
1.98439,163.607
1.98939,171.531
1.99439,182.073
1.99939,184.012
2.00439,183.372
2.00939,185.299
2.01439,200.726
2.01939,204.723
2.02439,209.612
2.02939,211.721
2.03439,223.069
2.03939,217.107
2.04439,226.406
2.04939,232.375
2.05439,240.061
2.05939,237.808
2.06439,238.576
2.06939,242.472
2.07439,243.3
2.07939,242.506
2.08439,243.453
2.08939,246.349
2.09439,246.708
2.09939,245.443
2.10439,250.617
2.10939,252.132
2.11439,254.892
2.11939,265.258
2.12439,262.46
2.12939,256.193
2.13439,251.914
2.13939,257.811
2.14439,259.269
2.14939,256.304
2.15439,270.806
2.15939,270.604
2.16439,270.128
2.16939,277.016
2.17439,275.423
2.17939,283.057
2.18439,280.663
2.18939,282.325
2.19439,285.292
2.19939,289.674
2.20439,290.44
2.20939,296.141
2.21439,297.052
2.21939,297.407
2.22439,296.811
2.22939,300.85
2.23439,302.726
2.23939,304.538
2.24439,302.553
2.24939,308.799
2.25439,307.225
2.25939,311.705
2.26439,313.997
2.26939,309.977
2.27439,314.214
2.27939,319.216
2.28439,323.412
2.28939,329.045
2.29439,328.292
2.29939,331.109
2.30439,329.25
2.30939,337.669
2.31439,339.723
2.31939,336.639
2.32439,338.871
2.32939,338.285
2.33439,335.045
2.33939,339.585
2.34439,345.003
2.34939,348.314
2.35439,351.799
2.35939,358.728
2.36439,355.325
2.36939,356.156
2.37439,359.057
2.37939,359.814
2.38439,356.957
2.38939,358.849
2.39439,361.44
2.39939,363.507
2.40439,365.577
2.40939,371.399
2.41439,368.049
2.41939,370.634
2.42439,366.476
2.42939,368.23
2.43439,370.128
2.43939,366.599
2.44439,369.698
2.44939,369.728
2.45439,375.22
2.45939,378.163
2.46439,377.752
2.46939,386.817
2.47439,381.133
2.47939,381.002
2.48439,382.16
2.48939,389.366
2.49439,395.813
2.49939,390.923
2.50439,390.385
2.50939,395.349
2.51439,398.475
2.51939,396.479
2.52439,408.591
2.52939,390.932
2.53439,384.662
2.53939,394.485
2.54439,389.89
2.54939,402.918
2.55439,394.769
2.55939,392.907
2.56439,389.867
2.56939,395.668
2.57439,396.403
2.57939,390.928
2.58439,395.18
2.58939,393.826
2.59439,395.853
2.59939,385.589
2.60439,385.677
2.60939,385.488
2.61439,387.998
2.61939,387.089
2.62439,391.029
2.62939,387.634
2.63439,385.34
2.63939,380.983
2.64439,381.265
2.64939,386.517
2.65439,375.479
2.65939,378.939
2.66439,379.223
2.66939,380.52
2.67439,383.954
2.67939,377.671
2.68439,378.916
2.68939,373.167
2.69439,371.878
2.69939,374.895
2.70439,363.21
2.70939,362.011
2.71439,360.553
2.71939,362.668
2.72439,359.43
2.72939,363.463
2.73439,361.159
2.73939,358.469
2.74439,361.48
2.74939,370.3
2.75439,357.521
2.75939,350.598
2.76439,354.754
2.76939,353.296
2.77439,348.914
2.77939,351.321
2.78439,352.911
2.78939,350.249
2.79439,355.845
2.79939,352.266
2.80439,344.026
2.80939,347.024
2.81439,345.993
2.81939,346.182
2.82439,340.929
2.82939,337.937
2.83439,328.739
2.83939,334.803
2.84439,340.391
2.84939,341.092
2.85439,338.168
2.85939,339.37
2.86439,332.571
2.86939,330.59
2.87439,326.275
2.87939,323.159
2.88439,329.408
2.88939,322.632
2.89439,324.401
2.89939,332.787
2.90439,331.176
2.90939,332.905
2.91439,336.9
2.91939,332.984
2.92439,335.489
2.92939,336.114
2.93439,332.617
2.93939,328.419
2.94439,330.531
2.94939,327.56
2.95439,324.771
2.95939,319.041
2.96439,317.833
2.96939,322.003
2.97439,316.844
2.97939,316.283
2.98439,318.34
2.98939,324.88
2.99439,317.576
2.99939,311.605
3.00439,317.224
3.00939,316.229
3.01439,312.861
3.01939,319.736
3.02439,311.392
3.02939,313.182
3.03439,310.771
3.03939,301.383
3.04439,305.221
3.04939,307.089
3.05439,301.39
3.05939,296.394
3.06439,296.977
3.06939,298.478
3.07439,302.872
3.07939,297.976
3.08439,295.86
3.08939,296.869
3.09439,302.239
3.09939,299.634
3.10439,298.582
3.10939,299.46
3.11439,293.032
3.11939,290.165
3.12439,290.518
3.12939,292.128
3.13439,289.176
3.13939,283.852
3.14439,282.971
3.14939,279.591
3.15439,282.808
3.15939,279.965
3.16439,281.739
3.16939,280.168
3.17439,280.956
3.17939,275.09
3.18439,278.976
3.18939,279.924
3.19439,275.061
3.19939,275.488
3.20439,272.52
3.20939,270.69
3.21439,270.479
3.21939,276.998
3.22439,273.466
3.22939,272.861
3.23439,270.849
3.23939,270.206
3.24439,268.08
3.24939,263.482
3.25439,263.541
3.25939,266.201
3.26439,267.696
3.26939,259.103
3.27439,262.543
3.27939,260.577
3.28439,265.124
3.28939,261.193
3.29439,257.166
3.29939,255.697
3.30439,252.434
3.30939,259.523
3.31439,250.31
3.31939,252.427
3.32439,256.145
3.32939,252.758
3.33439,252.743
3.33939,245.55
3.34439,247.854
3.34939,248.31
3.35439,251.21
3.35939,249.493
3.36439,250.174
3.36939,244.948
3.37439,239.395
3.37939,243.652
3.38439,237.574
3.38939,235.775
3.39439,232.85
3.39939,233.792
3.40439,236.54
3.40939,236.282
3.41439,235.2
3.41939,233.25
3.42439,235.867
3.42939,231.417
3.43439,231.336
3.43939,227.845
3.44439,230.774
3.44939,233.261
3.45439,232.239
3.45939,228.798
3.46439,228.148
3.46939,230.666
3.47439,229.002
3.47939,230.948
3.48439,225.515
3.48939,224.888
3.49439,218.263
3.49939,221.37
3.50439,218.232
3.50939,221.253
3.51439,212.218
3.51939,215.732
3.52439,215.405
3.52939,215.2
3.53439,212.513
3.53939,211.309
3.54439,208.864
3.54939,205.118
3.55439,207.517
3.55939,207.042
3.56439,208.313
3.56939,205.338
3.57439,202.889
3.57939,201.849
3.58439,202.715
3.58939,205.198
3.59439,203.896
3.59939,202.667
3.60439,204.768
3.60939,204.91
3.61439,204.56
3.61939,202.752
3.62439,200.596
3.62939,198.798
3.63439,196.648
3.63939,196.882
3.64439,196.994
3.64939,194.77
3.65439,196.564
3.65939,191.262
3.66439,190.547
3.66939,189.158
3.67439,187.673
3.67939,192.707
3.68439,188.236
3.68939,190.58
3.69439,183.908
3.69939,183.6
3.70439,185.806
3.70939,186.824
3.71439,189.328
3.71939,184.047
3.72439,182.006
3.72939,176.905
3.73439,176.017
3.73939,178.978
3.74439,178.949
3.74939,178.892
3.75439,170.603
3.75939,172.063
3.76439,171.267
3.76939,174.735
3.77439,176.211
3.77939,170.044
3.78439,167.022
3.78939,172.356
3.79439,169.747
3.79939,164.232
3.80439,166.11
3.80939,165.954
3.81439,173.934
3.81939,170.913
3.82439,166.098
3.82939,172.555
3.83439,171.393
3.83939,169.487
3.84439,163.609
3.84939,166.561
3.85439,165.409
3.85939,165.309
3.86439,162.985
3.86939,162.032
3.87439,168.02
3.87939,162.696
3.88439,163.354
3.88939,161.635
3.89439,160.534
3.89939,161.07
3.90439,166.31
3.90939,157.658
3.91439,157.915
3.91939,160.677
3.92439,153.642
3.92939,151.876
3.93439,157.391
3.93939,155.435
3.94439,153.004
3.94939,152.842
3.95439,154.264
3.95939,152.269
3.96439,147.506
3.96939,144.539
3.97439,142.787
3.97939,147.161
3.98439,144.93
3.98939,143.961
3.99439,139.659
3.99939,139.421
4.00439,140.588
4.00939,136.79
4.01439,138.489
4.01939,133.69
4.02439,133.377
4.02939,135.798
4.03439,135.068
4.03939,133.651
4.04439,130.329
4.04939,133.943
4.05439,133.677
4.05939,128.517
4.06439,129.557
4.06939,128.263
4.07439,128.34
4.07939,131.779
4.08439,128.821
4.08939,131.298
4.09439,134.138
4.09939,134.923
4.10439,138.258
4.10939,139.249
4.11439,138.027
4.11939,134.608
4.12439,137.21
4.12939,136.948
4.13439,134.38
4.13939,133.401
4.14439,134.02
4.14939,135.311
4.15439,138.039
4.15939,139.939
4.16439,134.658
4.16939,130.16
4.17439,133.91
4.17939,132.154
4.18439,129.259
4.18939,130.878
4.19439,128.64
4.19939,128.292
4.20439,131.141
4.20939,131.121
4.21439,130.633
4.21939,130.958
4.22439,130.461
4.22939,124.357
4.23439,133.339
4.23939,133.188
4.24439,129.656
4.24939,130.057
4.25439,129.774
4.25939,128.041
4.26439,128.286
4.26939,127.646
4.27439,126.331
4.27939,126.283
4.28439,126.252
4.28939,123.107
4.29439,121.731
4.29939,121.577
4.30439,122.012
4.30939,119.28
4.31439,120.796
4.31939,121.862
4.32439,115.781
4.32939,117.076
4.33439,117.831
4.33939,116.954
4.34439,118.779
4.34939,117.304
4.35439,118.973
4.35939,118.09
4.36439,117.853
4.36939,115.205
4.37439,116.439
4.37939,116.287
4.38439,117.668
4.38939,118.745
4.39439,118.752
4.39939,118.681
4.40439,120.016
4.40939,115.744
4.41439,118.335
4.41939,115.272
4.42439,119.551
4.42939,114.904
4.43439,114.151
4.43939,114.634
4.44439,113.346
4.44939,115.062
4.45439,118.462
4.45939,114.148
4.46439,115.814
4.46939,110.522
4.47439,113.372
4.47939,112.394
4.48439,113.878
4.48939,113.107
4.49439,109.748
4.49939,111.067
4.50439,113.384
4.50939,107.382
4.51439,109.517
4.51939,108.44
4.52439,110.478
4.52939,107.234
4.53439,105.191
4.53939,107.782
4.54439,106.304
4.54939,109.145
4.55439,108.991
4.55939,102.677
4.56439,106.905
4.56939,108.139
4.57439,107.194
4.57939,107.382
4.58439,102.637
4.58939,107.283
4.59439,104.374
4.59939,106.275
4.60439,103.342
4.60939,103.103
4.61439,102.679
4.61939,105.2
4.62439,103.831
4.62939,101.982
4.63439,103.466
4.63939,102.309
4.64439,103.349
4.64939,100.538
4.65439,99.8598
4.65939,96.952
4.66439,102.898
4.66939,101.599
4.67439,101.073
4.67939,99.5709
4.68439,99.7979
4.68939,99.0313
4.69439,94.4954
4.69939,97.2929
4.70439,98.9644
4.70939,95.8105
4.71439,98.1195
4.71939,97.9344
4.72439,98.3125
4.72939,100.608
4.73439,100.431
4.73939,100.978
4.74439,101.659
4.74939,100.35
4.75439,100.633
4.75939,96.3922
4.76439,96.1904
4.76939,95.4928
4.77439,98.3983
4.77939,99.7474
4.78439,97.8189
4.78939,96.9465
4.79439,95.9695
4.79939,96.116
4.80439,99.4956
4.80939,95.4196
4.81439,97.0217
4.81939,94.7589
4.82439,97.4957
4.82939,94.7283
4.83439,94.2169
4.83939,92.5689
4.84439,94.3921
4.84939,93.6323
4.85439,93.7987
4.85939,94.1606
4.86439,96.228
4.86939,90.8107
4.87439,93.5857
4.87939,90.6224
4.88439,91.1966
4.88939,87.8421
4.89439,86.2681
4.89939,94.3434
4.90439,90.8083
4.90939,90.2876
4.91439,87.6939
4.91939,88.0275
4.92439,87.5074
4.92939,85.2026
4.93439,86.1334
4.93939,84.7001
4.94439,85.001
4.94939,82.9471
4.95439,85.7084
4.95939,84.9976
4.96439,84.1393
4.96939,81.3123
4.97439,79.6886
4.97939,82.5482
4.98439,80.8802
4.98939,82.3019
4.99439,81.204
4.99939,78.201
5.00439,81.8598
5.00939,80.2406
5.01439,74.5134
5.01939,78.7452
5.02439,80.5923
5.02939,77.2529
5.03439,77.136
5.03939,74.3464
5.04439,75.6747
5.04939,70.9454
5.05439,74.184
5.05939,72.5772
5.06439,72.4632
5.06939,72.9477
5.07439,73.362
5.07939,70.7915
5.08439,69.9882
5.08939,71.7339
5.09439,70.1881
5.09939,70.3489
5.10439,68.6126
5.10939,71.4065
5.11439,69.9175
5.11939,67.4932
5.12439,68.5949
5.12939,68.1382
5.13439,67.173
5.13939,65.7192
5.14439,67.4599
5.14939,68.5047
5.15439,64.6879
5.15939,65.3994
5.16439,69.2402
5.16939,66.3939
5.17439,64.9797
5.17939,63.2655
5.18439,63.9705
5.18939,63.6124
5.19439,62.1022
5.19939,63.1846
5.20439,63.8234
5.20939,62.8165
5.21439,65.442
5.21939,62.7427
5.22439,63.7182
5.22939,62.0111
5.23439,62.7376
5.23939,62.1701
5.24439,60.8237
5.24939,60.4071
5.25439,60.9794
5.25939,61.4551
5.26439,61.2726
5.26939,64.8316
5.27439,62.929
5.27939,60.6851
5.28439,59.6905
5.28939,62.138
5.29439,62.0527
5.29939,60.7261
5.30439,58.7108
5.30939,59.7502
5.31439,61.217
5.31939,59.7192
5.32439,57.9713
5.32939,63.0258
5.33439,61.9944
5.33939,60.524
5.34439,56.8646
5.34939,57.5808
5.35439,58.7134
5.35939,60.0268
5.36439,60.0711
5.36939,57.6374
5.37439,58.5533
5.37939,57.563
5.38439,58.0823
5.38939,61.0655
5.39439,56.5902
5.39939,57.5866
5.40439,57.7008
5.40939,58.4002
5.41439,59.0734
5.41939,55.3697
5.42439,56.1407
5.42939,54.685
5.43439,56.0108
5.43939,55.5469
5.44439,56.0165
5.44939,55.369
5.45439,56.4252
5.45939,52.2004
5.46439,53.4302
5.46939,56.1266
5.47439,52.4366
5.47939,53.4566
5.48439,55.4034
5.48939,55.0603
5.49439,56.718
5.49939,55.591
5.50439,53.1304
5.50939,54.9776
5.51439,52.7954
5.51939,52.9852
5.52439,54.2166
5.52939,52.0444
5.53439,53.5407
5.53939,51.6645
5.54439,52.3791
5.54939,50.5206
5.55439,51.9845
5.55939,51.8774
5.56439,48.3002
5.56939,51.6075
5.57439,49.004
5.57939,50.4877
5.58439,52.8977
5.58939,49.4088
5.59439,51.2586
5.59939,51.9523
5.60439,50.0226
5.60939,50.722
5.61439,49.8576
5.61939,46.1873
5.62439,45.6977
5.62939,46.1324
5.63439,48.6005
5.63939,49.3465
5.64439,50.0826
5.64939,49.4406
5.65439,46.8786
5.65939,47.3488
5.66439,48.4932
5.66939,47.9115
5.67439,46.1147
5.67939,46.4181
5.68439,44.5577
5.68939,46.8633
5.69439,44.9151
5.69939,47.1592
5.70439,46.8729
5.70939,46.788
5.71439,43.8129
5.71939,46.562
5.72439,43.1523
5.72939,41.2886
5.73439,42.3775
5.73939,44.3377
5.74439,44.2987
5.74939,45.4869
5.75439,43.9569
5.75939,41.2366
5.76439,42.171
5.76939,43.2329
5.77439,42.8518
5.77939,41.8511
5.78439,43.938
5.78939,42.8528
5.79439,43.324
5.79939,43.8699
5.80439,41.7125
5.80939,41.8521
5.81439,42.2166
5.81939,42.1217
5.82439,42.758
5.82939,41.3079
5.83439,40.2889
5.83939,41.0677
5.84439,41.0085
5.84939,40.0864
5.85439,37.2222
5.85939,40.4467
5.86439,38.8575
5.86939,38.1432
5.87439,40.0231
5.87939,40.1794
5.88439,39.296
5.88939,40.2065
5.89439,39.1032
5.89939,39.4005
5.90439,39.3051
5.90939,38.8072
5.91439,38.9827
5.91939,38.1148
5.92439,39.4837
5.92939,38.3616
5.93439,37.3648
5.93939,38.5414
5.94439,37.4041
5.94939,36.9439
5.95439,36.4375
5.95939,36.3249
5.96439,35.3767
5.96939,37.1319
5.97439,39.1593
5.97939,37.3234
5.98439,36.2809
5.98939,36.9326
5.99439,34.0217
5.99939,37.9503
6.00439,35.6363
6.00939,35.5247
6.01439,36.496
6.01939,36.8093
6.02439,35.088
6.02939,33.6267
6.03439,35.0665
6.03939,34.5921
6.04439,35.2366
6.04939,33.1469
6.05439,34.0298
6.05939,33.5455
6.06439,33.7074
6.06939,34.5073
6.07439,35.0413
6.07939,34.7232
6.08439,33.2461
6.08939,31.8093
6.09439,33.6105
6.09939,32.2117
6.10439,33.92
6.10939,34.0534
6.11439,33.5367
6.11939,33.6162
6.12439,32.96
6.12939,33.6123
6.13439,32.4128
6.13939,31.7251
6.14439,31.4984
6.14939,33.1222
6.15439,33.6491
6.15939,30.4392
6.16439,31.2719
6.16939,29.3316
6.17439,30.7747
6.17939,31.8173
6.18439,28.7852
6.18939,30.9682
6.19439,30.0528
6.19939,30.6691
6.20439,29.9232
6.20939,30.3681
6.21439,30.3399
6.21939,30.4803
6.22439,30.6999
6.22939,28.9923
6.23439,29.6986
6.23939,29.0766
6.24439,30.5137
6.24939,29.1836
6.25439,30.4868
6.25939,28.2707
6.26439,28.6761
6.26939,30.5114
6.27439,29.5921
6.27939,28.4846
6.28439,26.7327
6.28939,28.3759
6.29439,27.2769
6.29939,27.0222
6.30439,28.4885
6.30939,29.0184
6.31439,27.6497
6.31939,27.8452
6.32439,27.712
6.32939,27.9692
6.33439,24.9531
6.33939,27.781
6.34439,27.9567
6.34939,25.7958
6.35439,26.3886
6.35939,26.4113
6.36439,24.5436
6.36939,24.8648
6.37439,26.0744
6.37939,24.8744
6.38439,24.854
6.38939,25.6248
6.39439,26.6116
6.39939,26.124
6.40439,26.383
6.40939,26.3581
6.41439,25.8852
6.41939,26.9783
6.42439,24.7784
6.42939,25.2173
6.43439,26.5802
6.43939,25.0602
6.44439,25.5008
6.44939,24.5542
6.45439,24.1928
6.45939,24.0886
6.46439,24.5358
6.46939,24.5116
6.47439,23.9733
6.47939,22.8121
6.48439,25.6979
6.48939,24.4374
6.49439,23.3886
6.49939,25.7881
6.50439,23.6383
6.50939,24.2195
6.51439,22.8501
6.51939,23.2341
6.52439,22.4917
6.52939,23.3645
6.53439,21.8971
6.53939,22.7093
6.54439,22.4736
6.54939,24.1738
6.55439,24.1473
6.55939,23.4265
6.56439,23.9651
6.56939,22.7384
6.57439,22.2819
6.57939,22.6329
6.58439,22.9318
6.58939,21.2102
6.59439,21.2734
6.59939,21.891
6.60439,23.2503
6.60939,21.8635
6.61439,22.793
6.61939,24.2152
6.62439,20.6585
6.62939,21.2956
6.63439,21.005
6.63939,20.1463
6.64439,21.9297
6.64939,20.8018
6.65439,19.6156
6.65939,20.6638
6.66439,21.316
6.66939,20.5798
6.67439,21.0758
6.67939,21.5957
6.68439,21.6974
6.68939,20.7683
6.69439,20.7035
6.69939,20.6543
6.70439,21.0947
6.70939,20.4064
6.71439,20.1562
6.71939,20.2942
6.72439,18.9291
6.72939,19.0773
6.73439,20.1844
6.73939,18.9295
6.74439,20.7359
6.74939,16.6234
6.75439,19.7351
6.75939,19.8587
6.76439,19.8617
6.76939,19.7144
6.77439,19.2504
6.77939,18.9438
6.78439,19.2513
6.78939,18.3372
6.79439,19.3459
6.79939,18.6213
6.80439,17.6724
6.80939,18.977
6.81439,17.4681
6.81939,18.3957
6.82439,18.8439
6.82939,17.9267
6.83439,18.6283
6.83939,17.0884
6.84439,16.2092
6.84939,18.1924
6.85439,17.2263
6.85939,18.0312
6.86439,17.9967
6.86939,17.4223
6.87439,16.2517
6.87939,18.6039
6.88439,17.8006
6.88939,18.8899
6.89439,19.222
6.89939,19.5882
6.90439,17.2818
6.90939,17.3953
6.91439,18.7033
6.91939,16.4157
6.92439,16.4514
6.92939,17.5994
6.93439,17.841
6.93939,17.0871
6.94439,16.6289
6.94939,16.6234
6.95439,17.5067
6.95939,16.2026
6.96439,16.6398
6.96939,16.9201
6.97439,17.7145
6.97939,16.9197
6.98439,15.9799
6.98939,15.5803
6.99439,16.253
6.99939,15.8698
7.00439,15.9314
7.00939,15.3125
7.01439,15.4175
7.01939,18.2888
7.02439,17.2375
7.02939,15.5391
7.03439,15.4365
7.03939,14.7902
7.04439,15.1648
7.04939,15.1476
7.05439,14.9845
7.05939,15.5179
7.06439,15.2168
7.06939,15.2298
7.07439,14.6414
7.07939,16.7134
7.08439,15.3545
7.08939,15.0521
7.09439,14.7411
7.09939,13.7613
7.10439,14.6958
7.10939,14.6865
7.11439,15.278
7.11939,14.4011
7.12439,13.1913
7.12939,13.2164
7.13439,13.874
7.13939,14.6978
7.14439,13.5197
7.14939,13.6715
7.15439,14.3622
7.15939,13.2759
7.16439,13.8486
7.16939,14.2544
7.17439,14.3571
7.17939,13.3413
7.18439,14.0627
7.18939,13.8502
7.19439,14.223
7.19939,15.0515
7.20439,14.2474
7.20939,13.3234
7.21439,13.8209
7.21939,15.3373
7.22439,14.2301
7.22939,13.6608
7.23439,12.8108
7.23939,13.6686
7.24439,14.0057
7.24939,13.1499
7.25439,12.1973
7.25939,13.9061
7.26439,14.0142
7.26939,13.0245
7.27439,12.8938
7.27939,13.6472
7.28439,12.4867
7.28939,12.1337
7.29439,13.8447
7.29939,12.6894
7.30439,13.0821
7.30939,11.7154
7.31439,12.1407
7.31939,12.3048
7.32439,11.4945
7.32939,11.2683
7.33439,11.3871
7.33939,12.9052
7.34439,12.49
7.34939,12.9468
7.35439,12.9568
7.35939,12.2124
7.36439,11.7642
7.36939,12.0964
7.37439,13.3758
7.37939,12.4365
7.38439,12.729
7.38939,12.4032
7.39439,11.2736
7.39939,11.82
7.40439,10.8987
7.40939,10.7555
7.41439,11.2024
7.41939,11.6656
7.42439,12.0528
7.42939,11.9641
7.43439,11.8279
7.43939,11.6926
7.44439,11.492
7.44939,11.2655
7.45439,11.4003
7.45939,10.6424
7.46439,10.0118
7.46939,11.0354
7.47439,11.8282
7.47939,11.3685
7.48439,10.511
7.48939,10.9483
7.49439,11.3437
7.49939,12.1568
7.50439,11.0574
7.50939,9.95581
7.51439,10.5111
7.51939,10.8048
7.52439,10.5336
7.52939,11.4592
7.53439,10.8925
7.53939,11.2576
7.54439,10.7353
7.54939,10.5739
7.55439,10.8106
7.55939,12.2721
7.56439,10.9047
7.56939,11.2422
7.57439,9.78728
7.57939,9.76438
7.58439,9.81201
7.58939,9.83857
7.59439,10.3134
7.59939,9.47963
7.60439,11.4938
7.60939,11.053
7.61439,9.79198
7.61939,9.26175
7.62439,9.12665
7.62939,9.6243
7.63439,9.94594
7.63939,10.0471
7.64439,9.23705
7.64939,10.3815
7.65439,9.76909
7.65939,9.59378
7.66439,9.60437
7.66939,10.0495
7.67439,9.2624
7.67939,8.70482
7.68439,8.54449
7.68939,9.32987
7.69439,8.85023
7.69939,8.73621
7.70439,9.09262
7.70939,8.39238
7.71439,8.79464
7.71939,9.87391
7.72439,9.24039
7.72939,8.6795
7.73439,9.21129
7.73939,9.26558
7.74439,9.11599
7.74939,8.58019
7.75439,9.33923
7.75939,9.61651
7.76439,10.3238
7.76939,9.07223
7.77439,8.85363
7.77939,8.92993
7.78439,8.58936
7.78939,9.30372
7.79439,8.55206
7.79939,8.55872
7.80439,8.77349
7.80939,9.31774
7.81439,8.76983
7.81939,8.44557
7.82439,7.70785
7.82939,9.41713
7.83439,8.61103
7.83939,8.47335
7.84439,8.69099
7.84939,8.04433
7.85439,8.82307
7.85939,8.30227
7.86439,8.23075
7.86939,8.62107
7.87439,8.75924
7.87939,8.14352
7.88439,7.09572
7.88939,8.30747
7.89439,8.60792
7.89939,7.55987
7.90439,8.07109
7.90939,8.59914
7.91439,8.16822
7.91939,8.65839
7.92439,8.55413
7.92939,8.3522
7.93439,7.18777
7.93939,7.50996
7.94439,7.28581
7.94939,7.20032
7.95439,7.4111
7.95939,8.11568
7.96439,7.6221
7.96939,7.13479
7.97439,8.06216
7.97939,8.11636
7.98439,8.62068
7.98939,8.13262
7.99439,7.21176
7.99939,7.36937
8.00439,7.97421
8.00939,7.95527
8.01439,9.02542
8.01939,8.24071
8.02439,6.45782
8.02939,6.5065
8.03439,7.36145
8.03939,7.09509
8.04439,6.85575
8.04939,7.24124
8.05439,7.06306
8.05939,7.51566
8.06439,7.75169
8.06939,7.57577
8.07439,7.85465
8.07939,7.07437
8.08439,6.709
8.08939,7.6014
8.09439,7.01806
8.09939,6.79983
8.10439,6.09451
8.10939,7.3629
8.11439,6.61876
8.11939,6.29221
8.12439,7.46284
8.12939,6.93983
8.13439,7.47483
8.13939,6.57699
8.14439,7.23587
8.14939,7.1957
8.15439,6.65486
8.15939,6.98257
8.16439,6.39363
8.16939,6.67225
8.17439,6.85668
8.17939,5.99242
8.18439,6.82514
8.18939,6.9594
8.19439,7.29089
8.19939,7.01783
8.20439,5.98768
8.20939,6.4163
8.21439,6.38016
8.21939,6.46244
8.22439,6.47817
8.22939,6.01895
8.23439,5.79172
8.23939,6.10472
8.24439,6.57108
8.24939,6.34705
8.25439,6.05965
8.25939,6.65449
8.26439,6.56717
8.26939,6.31011
8.27439,5.8556
8.27939,5.30089
8.28439,5.807
8.28939,6.1052
8.29439,6.10678
8.29939,6.25484
8.30439,7.08598
8.30939,6.58497
8.31439,6.21329
8.31939,5.75567
8.32439,5.92004
8.32939,6.62584
8.33439,6.04899
8.33939,6.07693
8.34439,5.4676
8.34939,6.57694
8.35439,5.4637
8.35939,5.99936
8.36439,6.44466
8.36939,5.94788
8.37439,5.67563
8.37939,5.69408
8.38439,5.59724
8.38939,5.5775
8.39439,5.79556
8.39939,5.50657
8.40439,6.06975
8.40939,5.2213
8.41439,5.64113
8.41939,6.05431
8.42439,5.38827
8.42939,5.05837
8.43439,5.53107
8.43939,4.95882
8.44439,5.04279
8.44939,5.2783
8.45439,5.17301
8.45939,4.98075
8.46439,5.05933
8.46939,4.80507
8.47439,4.3603
8.47939,5.69257
8.48439,6.05636
8.48939,5.67927
8.49439,5.05312
8.49939,5.58283
8.50439,5.28487
8.50939,5.77933
8.51439,4.80295
8.51939,4.45193
8.52439,5.08398
8.52939,4.55529
8.53439,5.09993
8.53939,4.39276
8.54439,4.89811
8.54939,4.92493
8.55439,4.34871
8.55939,5.24101
8.56439,4.87271
8.56939,5.11981
8.57439,4.89995
8.57939,5.59526
8.58439,5.35235
8.58939,5.40658
8.59439,3.9614
8.59939,4.74329
8.60439,5.46273
8.60939,5.66978
8.61439,4.70707
8.61939,4.57392
8.62439,4.66142
8.62939,4.5491
8.63439,4.5423
8.63939,4.54659
8.64439,4.89121
8.64939,4.43174
8.65439,4.05909
8.65939,5.19646
8.66439,5.17363
8.66939,5.49049
8.67439,4.78181
8.67939,4.38255
8.68439,4.12354
8.68939,4.34964
8.69439,5.00538
8.69939,4.21987
8.70439,5.44134
8.70939,4.90864
8.71439,5.03388
8.71939,4.85636
8.72439,4.21851
8.72939,4.24641
8.73439,4.46007
8.73939,4.04124
8.74439,4.19805
8.74939,4.81016
8.75439,4.36518
8.75939,4.10371
8.76439,3.96981
8.76939,4.79292
8.77439,5.13346
8.77939,3.97194
8.78439,4.32055
8.78939,4.53581
8.79439,4.29779
8.79939,4.30899
8.80439,4.13822
8.80939,4.38187
8.81439,4.75946
8.81939,4.48739
8.82439,3.95616
8.82939,3.75972
8.83439,3.79141
8.83939,4.02122
8.84439,4.01125
8.84939,4.49518
8.85439,4.47407
8.85939,4.25851
8.86439,3.89252
8.86939,4.73182
8.87439,4.60735
8.87939,4.65207
8.88439,4.16065
8.88939,4.30652
8.89439,3.7943
8.89939,4.21336
8.90439,3.88076
8.90939,4.53371
8.91439,4.19699
8.91939,3.84974
8.92439,4.17749
8.92939,3.90863
8.93439,3.80027
8.93939,3.7024
8.94439,3.67691
8.94939,3.87667
8.95439,3.83849
8.95939,4.31167
8.96439,3.86976
8.96939,4.03727
8.97439,4.39195
8.97939,4.14441
8.98439,3.99482
8.98939,4.58855
8.99439,4.41589
8.99939,3.9905
9.00439,3.27773
9.00939,3.3226
9.01439,3.2701
9.01939,4.39177
9.02439,3.61778
9.02939,2.69582
9.03439,3.23476
9.03939,3.29998
9.04439,3.55983
9.04939,3.58073
9.05439,3.7655
9.05939,3.87743
9.06439,3.66406
9.06939,4.00407
9.07439,3.82806
9.07939,3.69331
9.08439,3.20345
9.08939,3.17691
9.09439,3.70858
9.09939,4.24617
9.10439,3.60102
9.10939,3.0884
9.11439,2.9927
9.11939,3.35675
9.12439,3.55386
9.12939,3.68545
9.13439,2.88255
9.13939,3.22144
9.14439,3.5692
9.14939,3.47588
9.15439,3.15692
9.15939,3.76905
9.16439,3.45015
9.16939,3.3525
9.17439,2.67798
9.17939,2.91295
9.18439,2.88034
9.18939,3.00602
9.19439,3.32235
9.19939,3.85295
9.20439,3.18653
9.20939,3.09348
9.21439,3.30001
9.21939,3.37193
9.22439,3.0885
9.22939,2.71559
9.23439,2.80711
9.23939,3.27556
9.24439,3.15753
9.24939,2.92258
9.25439,3.34182
9.25939,3.3836
9.26439,3.02373
9.26939,2.99473
9.27439,3.12571
9.27939,3.32025
9.28439,2.97618
9.28939,3.11085
9.29439,3.38167
9.29939,3.52453
9.30439,2.68879
9.30939,3.34649
9.31439,3.26064
9.31939,2.77059
9.32439,3.47096
9.32939,2.69087
9.33439,3.06181
9.33939,2.72983
9.34439,2.80976
9.34939,3.07864
9.35439,2.57529
9.35939,2.78274
9.36439,3.22925
9.36939,2.78214
9.37439,2.44925
9.37939,1.89274
9.38439,3.01496
9.38939,3.01579
9.39439,2.33656
9.39939,2.28605
9.40439,3.22651
9.40939,2.98853
9.41439,2.3757
9.41939,2.7344
9.42439,2.52655
9.42939,1.77336
9.43439,2.28026
9.43939,2.96456
9.44439,2.8158
9.44939,2.8179
9.45439,3.20794
9.45939,2.54223
9.46439,2.57733
9.46939,2.53866
9.47439,2.96062
9.47939,3.11512
9.48439,2.49785
9.48939,2.26894
9.49439,2.38899
9.49939,2.72688
9.50439,2.70879
9.50939,2.17484
9.51439,2.32124
9.51939,2.7452
9.52439,3.1195
9.52939,2.74417
9.53439,2.17445
9.53939,2.68128
9.54439,2.512
9.54939,2.43978
9.55439,2.26712
9.55939,2.07083
9.56439,2.11428
9.56939,2.2625
9.57439,2.68061
9.57939,2.47369
9.58439,2.21099
9.58939,2.56433
9.59439,2.57204
9.59939,2.1113
9.60439,2.53115
9.60939,2.51817
9.61439,2.49346
9.61939,2.53132
9.62439,2.43309
9.62939,2.98803
9.63439,2.47829
9.63939,2.30528
9.64439,2.45475
9.64939,2.09263
9.65439,2.44687
9.65939,2.27552
9.66439,2.38854
9.66939,2.5767
9.67439,2.62104
9.67939,1.90038
9.68439,2.1604
9.68939,2.09022
9.69439,2.24429
9.69939,1.92369
9.70439,1.934
9.70939,2.16778
9.71439,2.05447
9.71939,1.99705
9.72439,1.69527
9.72939,2.08215
9.73439,2.28474
9.73939,2.58031
9.74439,2.51642
9.74939,2.13197
9.75439,1.66211
9.75939,1.76119
9.76439,1.79821
9.76939,2.3174
9.77439,1.81744
9.77939,2.24509
9.78439,2.47356
9.78939,2.18671
9.79439,2.21191
9.79939,2.04915
9.80439,2.33521
9.80939,1.87247
9.81439,1.84493
9.81939,2.00711
9.82439,2.32288
9.82939,1.77113
9.83439,1.82307
9.83939,1.737
9.84439,2.06888
9.84939,2.46656
9.85439,1.86209
9.85939,1.57365
9.86439,2.2074
9.86939,2.0566
9.87439,1.78309
9.87939,2.07754
9.88439,2.71042
9.88939,2.06419
9.89439,2.25442
9.89939,2.19784
9.90439,2.74286
9.90939,2.20902
9.91439,2.04445
9.91939,1.98322
9.92439,2.11422
9.92939,1.62054
9.93439,1.65297
9.93939,2.23197
9.94439,1.80528
9.94939,1.69049
9.95439,1.92994
9.95939,1.79621
9.96439,1.84893
9.96939,1.64341
9.97439,1.94563
9.97939,1.65121
9.98439,2.4757
9.98939,1.86799
9.99439,1.71147
9.99939,1.81452
10.0044,1.43852
10.0094,1.91183
10.0144,2.13146
10.0194,2.08462
10.0244,1.74996
10.0294,1.84723
10.0344,1.59445
10.0394,2.03465
10.0444,1.94185
10.0494,2.04973
10.0544,1.81815
10.0594,2.22961
10.0644,1.81322
10.0694,1.62662
10.0744,1.90262
10.0794,1.90998
10.0844,1.79933
10.0894,1.8683
10.0944,2.27198
10.0994,2.15674
10.1044,1.64
10.1094,1.70187
10.1144,1.93236
10.1194,2.0064
10.1244,1.90904
10.1294,1.63043
10.1344,1.29808
10.1394,1.83864
10.1444,1.67272
10.1494,1.68015
10.1544,1.6832
10.1594,1.46654
10.1644,1.65434
10.1694,1.6444
10.1744,1.85146
10.1794,2.19222
10.1844,1.36547
10.1894,1.43168
10.1944,1.81034
10.1994,1.98532
10.2044,1.60749
10.2094,1.62059
10.2144,1.50044
10.2194,1.26705
10.2244,1.73699
10.2294,1.64921
10.2344,1.59245
10.2394,1.48525
10.2444,1.48414
10.2494,1.60597
10.2544,1.7603
10.2594,1.55046
10.2644,1.33459
10.2694,1.18848
10.2744,1.51576
10.2794,1.7783
10.2844,1.74136
10.2894,1.64122
10.2944,1.59972
10.2994,1.69052
10.3044,1.77572
10.3094,1.26925
10.3144,1.46209
10.3194,1.11264
10.3244,1.46915
10.3294,1.91544
10.3344,1.70174
10.3394,1.60112
10.3444,1.3021
10.3494,1.61441
10.3544,1.54002
10.3594,1.43709
10.3644,1.36634
10.3694,1.23866
10.3744,1.78556
10.3794,1.47412
10.3844,1.61347
10.3894,1.60139
10.3944,2.04927
10.3994,1.9741
10.4044,1.34202
10.4094,1.49255
10.4144,1.40884
10.4194,1.11635
10.4244,1.26379
10.4294,1.21351
10.4344,1.39483
10.4394,1.11947
10.4444,1.27794
10.4494,1.54818
10.4544,1.51112
10.4594,1.28885
10.4644,1.36594
10.4694,1.32142
10.4744,1.20466
10.4794,1.03044
10.4844,1.41415
10.4894,1.45971
10.4944,1.52633
10.4994,1.0886
10.5044,1.1338
10.5094,1.12865
10.5144,1.03789
10.5194,1.30953
10.5244,1.09661
10.5294,1.18327
10.5344,1.12728
10.5394,1.4411
10.5444,1.71758
10.5494,1.44094
10.5544,0.956861
10.5594,1.14509
10.5644,1.27178
10.5694,1.38785
10.5744,1.15574
10.5794,1.09864
10.5844,0.92033
10.5894,1.25296
10.5944,1.08285
10.5994,1.01293
10.6044,1.18814
10.6094,0.911284
10.6144,1.32502
10.6194,1.31144
10.6244,1.24593
10.6294,1.0692
10.6344,1.18211
10.6394,1.39
10.6444,1.69128
10.6494,1.05135
10.6544,1.28609
10.6594,1.02915
10.6644,0.898893
10.6694,1.14487
10.6744,1.31474
10.6794,1.14709
10.6844,1.11605
10.6894,1.02037
10.6944,1.20633
10.6994,1.22847
10.7044,0.947343
10.7094,1.13819
10.7144,1.7204
10.7194,1.34612
10.7244,1.06969
10.7294,1.13648
10.7344,1.3176
10.7394,0.998231
10.7444,0.856907
10.7494,1.33618
10.7544,1.27429
10.7594,1.06129
10.7644,0.637002
10.7694,1.00647
10.7744,1.03083
10.7794,1.20731
10.7844,1.25603
10.7894,0.912987
10.7944,1.10715
10.7994,0.919525
10.8044,0.916951
10.8094,1.28129
10.8144,1.20184
10.8194,1.12285
10.8244,1.04727
10.8294,1.06722
10.8344,1.54838
10.8394,1.12355
10.8444,1.12279
10.8494,1.07538
10.8544,1.39179
10.8594,1.07963
10.8644,0.934638
10.8694,1.24423
10.8744,1.00532
10.8794,1.13056
10.8844,0.969382
10.8894,0.950574
10.8944,0.950584
10.8994,1.06538
10.9044,0.816883
10.9094,1.01485
10.9144,1.21668
10.9194,1.01624
10.9244,0.977539
10.9294,0.995738
10.9344,0.799417
10.9394,0.865131
10.9444,1.07745
10.9494,0.878548
10.9544,0.675036
10.9594,1.02579
10.9644,1.38351
10.9694,1.08833
10.9744,1.46522
10.9794,0.908576
10.9844,0.667652
10.9894,1.28587
10.9944,0.752424
10.9994,1.00264
11.0044,0.928677
11.0094,0.924867
11.0144,0.622867
11.0194,0.796999
11.0244,0.765889
11.0294,0.774357
11.0344,0.832114
11.0394,0.793071
11.0444,0.823978
11.0494,0.898949
11.0544,0.694638
11.0594,1.05836
11.0644,1.07729
11.0694,0.759142
11.0744,0.935006
11.0794,0.902271
11.0844,1.00348
11.0894,0.763125
11.0944,0.641667
11.0994,0.872924
11.1044,0.712764
11.1094,0.753679
11.1144,0.545697
11.1194,0.677171
11.1244,0.853952
11.1294,0.917376
11.1344,1.01821
11.1394,0.816227
11.1444,0.885664
11.1494,0.85814
11.1544,0.866324
11.1594,0.908754
11.1644,0.643121
11.1694,0.607448
11.1744,0.72074
11.1794,0.776906
11.1844,0.956632
11.1894,0.799865
11.1944,1.05793
11.1994,0.736031
11.2044,0.543091
11.2094,0.621945
11.2144,0.712646
11.2194,0.617073
11.2244,0.542892
11.2294,0.74796
11.2344,0.700263
11.2394,0.752924
11.2444,0.92623
11.2494,0.889339
11.2544,0.871107
11.2594,0.73247
11.2644,0.57349
11.2694,1.09334
11.2744,0.967159
11.2794,0.808368
11.2844,1.03233
11.2894,1.00328
11.2944,0.862959
11.2994,0.620432
11.3044,0.835487
11.3094,0.838728
11.3144,0.809463
11.3194,0.716739
11.3244,0.740271
11.3294,0.685178
11.3344,0.573661
11.3394,0.732812
11.3444,0.628941
11.3494,0.854288
11.3544,0.794422
11.3594,0.660307
11.3644,0.49469
11.3694,0.329771
11.3744,0.663352
11.3794,0.855957
11.3844,0.753147
11.3894,0.773869
11.3944,0.611682
11.3994,0.702534
11.4044,0.446325
11.4094,0.730734
11.4144,0.578819
11.4194,0.408591
11.4244,0.542973
11.4294,0.771553
11.4344,0.839152
11.4394,0.973815
11.4444,0.556434
11.4494,0.440512
11.4544,0.358518
11.4594,0.742251
11.4644,0.6067
11.4694,0.569945
11.4744,0.549443
11.4794,0.57258
11.4844,0.556815
11.4894,0.795802
11.4944,0.624233
11.4994,0.811953
11.5044,0.776088
11.5094,0.759875
11.5144,0.375352
11.5194,0.608279
11.5244,0.839911
11.5294,0.919238
11.5344,0.801085
11.5394,0.719298
11.5444,0.628338
11.5494,0.464656
11.5544,0.687365
11.5594,0.787764
11.5644,0.44469
11.5694,0.669932
11.5744,0.587974
11.5794,0.904279
11.5844,0.871741
11.5894,0.501984
11.5944,0.732054
11.5994,0.463427
11.6044,0.635778
11.6094,0.896004
11.6144,0.643157
11.6194,0.765749
11.6244,0.514413
11.6294,0.552441
11.6344,0.442308
11.6394,0.381276
11.6444,0.680297
11.6494,0.840071
11.6544,0.768842
11.6594,0.604614
11.6644,0.774842
11.6694,0.565772
11.6744,0.527642
11.6794,0.596756
11.6844,0.712401
11.6894,0.667181
11.6944,0.429148
11.6994,0.487012
11.7044,0.589239
11.7094,0.618591
11.7144,0.674717
11.7194,0.459657
11.7244,0.403437
11.7294,0.503731
11.7344,0.547697
11.7394,0.581262
11.7444,0.539901
11.7494,0.589622
11.7544,0.823074
11.7594,0.667464
11.7644,0.739432
11.7694,0.546809
11.7744,0.604204
11.7794,0.592974
11.7844,0.59695
11.7894,0.526193
11.7944,0.417055
11.7994,0.519401
11.8044,0.73741
11.8094,0.732522
11.8144,0.504522
11.8194,0.448089
11.8244,0.313877
11.8294,0.524532
11.8344,0.50994
11.8394,0.421152
11.8444,0.505933
11.8494,0.473288
11.8544,0.272502
11.8594,0.434691
11.8644,0.844748
11.8694,0.850872
11.8744,0.615928
11.8794,0.49774
11.8844,0.546379
11.8894,0.584855
11.8944,0.362098
11.8994,0.493574
11.9044,0.477193
11.9094,0.510607
11.9144,0.591
11.9194,0.548389
11.9244,0.382346
11.9294,0.386648
11.9344,0.356362
11.9394,0.342191
11.9444,0.515231
11.9494,0.346045
11.9544,0.417222
11.9594,0.62027
11.9644,0.5547
11.9694,0.591576
11.9744,0.529151
11.9794,0.542152
11.9844,0.48756
11.9894,0.306131
11.9944,0.483598
11.9994,0.750546
12.0044,0.384392
12.0094,0.281361
12.0144,0.405046
12.0194,0.434827
12.0244,0.383748
12.0294,0.447533
12.0344,0.330348
12.0394,0.495471
12.0444,0.465491
12.0494,0.296103
12.0544,0.365194
12.0594,0.33579
12.0644,0.309491
12.0694,0.388305
12.0744,0.513902
12.0794,0.427783
12.0844,0.38434
12.0894,0.343516
12.0944,0.355448
12.0994,0.214742
12.1044,0.314054
12.1094,0.45671
12.1144,0.519399
12.1194,0.537768
12.1244,0.277118
12.1294,0.32531
12.1344,0.232513
12.1394,0.330466
12.1444,0.392416
12.1494,0.355618
12.1544,0.422506
12.1594,0.539998
12.1644,0.456088
12.1694,0.383448
12.1744,0.468148
12.1794,0.632581
12.1844,0.319147
12.1894,0.211333
12.1944,0.181996
12.1994,0.327703
12.2044,0.445749
12.2094,0.181237
12.2144,0.326415
12.2194,0.576944
12.2244,0.367044
12.2294,0.425458
12.2344,0.284438
12.2394,0.247309
12.2444,0.198739
12.2494,0.318993
12.2544,0.488342
12.2594,0.472329
12.2644,0.431837
12.2694,0.420519
12.2744,0.436563
12.2794,0.382143
12.2844,0.284334
12.2894,0.246338
12.2944,0.344364
12.2994,0.436445
12.3044,0.457607
12.3094,0.430038
12.3144,0.539749
12.3194,0.584404
12.3244,0.269957
12.3294,0.262313
12.3344,0.312888
12.3394,0.309815
12.3444,0.396351
12.3494,0.260455
12.3544,0.264509
12.3594,0.306898
12.3644,0.255755
12.3694,0.28118
12.3744,0.37945
12.3794,0.342598
12.3844,0.274859
12.3894,0.293116
12.3944,0.318076
12.3994,0.344762
12.4044,0.296467
12.4094,0.407963
12.4144,0.522811
12.4194,0.423974
12.4244,0.398537
12.4294,0.448574
12.4344,0.369463
12.4394,0.476101
12.4444,0.267122
12.4494,0.203835
12.4544,0.192006
12.4594,0.346601
12.4644,0.315854
12.4694,0.404066
12.4744,0.353539
12.4794,0.425106
12.4844,0.344742
12.4894,0.428397
12.4944,0.297456
12.4994,0.177954
12.5044,0.359217
12.5094,0.317368
12.5144,0.29176
12.5194,0.479821
12.5244,0.241896
12.5294,0.193337
12.5344,0.204119
12.5394,0.412441
12.5444,0.297824
12.5494,0.176847
12.5544,0.184067
12.5594,0.140693
12.5644,0.200069
12.5694,0.158776
12.5744,0.289378
12.5794,0.120725
12.5844,0.22147
12.5894,0.2036
12.5944,0.269349
12.5994,0.29588
12.6044,0.618826
12.6094,0.418199
12.6144,0.288835
12.6194,0.241888
12.6244,0.164174
12.6294,0.263859
12.6344,0.165813
12.6394,0.407477
12.6444,0.327874
12.6494,0.311714
12.6544,0.436241
12.6594,0.376389
12.6644,0.253581
12.6694,0.403667
12.6744,0.393431
12.6794,0.310998
12.6844,0.467485
12.6894,0.190057
12.6944,0.239057
12.6994,0.154666
12.7044,0.329046
12.7094,0.380705
12.7144,0.184886
12.7194,0.262028
12.7244,0.180359
12.7294,0.171359
12.7344,0.145885
12.7394,0.237028
12.7444,0.228119
12.7494,0.29035
12.7544,0.291922
12.7594,0.269093
12.7644,0.199223
12.7694,0.360504
12.7744,0.280403
12.7794,0.157184
12.7844,0.21924
12.7894,0.263657
12.7944,0.418808
12.7994,0.270252
12.8044,0.121749
12.8094,0.296747
12.8144,0.146918
12.8194,0.194399
12.8244,0.265612
12.8294,0.182965
12.8344,0.181367
12.8394,0.130524
12.8444,0.245619
12.8494,0.151548
12.8544,0.189605
12.8594,0.282627
12.8644,0.287921
12.8694,0.264252
12.8744,0.205382
12.8794,0.176157
12.8844,0.302211
12.8894,0.459534
12.8944,0.27626
12.8994,0.264881
12.9044,0.273317
12.9094,0.120138
12.9144,0.282907
12.9194,0.176097
12.9244,0.159083
12.9294,0.140295
12.9344,0.203715
12.9394,0.250721
12.9444,0.257335
12.9494,0.24267
12.9544,0.244399
12.9594,0.360806
12.9644,0.241767
12.9694,0.17127
12.9744,0.215349
12.9794,0.335466
12.9844,0.176148
12.9894,0.262272
12.9944,0.476133
12.9994,0.410177
13.0044,0.246497
13.0094,0.273577
13.0144,0.223617
13.0194,0.175919
13.0244,0.288283
13.0294,0.244648
13.0344,0.152029
13.0394,0.107301
13.0444,0.22655
13.0494,0.164227
13.0544,0.295067
13.0594,0.327618
13.0644,0.315048
13.0694,0.137501
13.0744,0.29934
13.0794,0.0965225
13.0844,0.169952
13.0894,0.0946086
13.0944,0.28548
13.0994,0.127367
13.1044,0.18398
13.1094,0.163188
13.1144,0.137371
13.1194,0.126273
13.1244,0.300721
13.1294,0.270952
13.1344,0.334316
13.1394,0.259351
13.1444,0.129645
13.1494,0.156765
13.1544,0.22708
13.1594,0.345361
13.1644,0.364123
13.1694,0.205551
13.1744,0.249704
13.1794,0.265441
13.1844,0.138036
13.1894,0.201358
13.1944,0.136126
13.1994,0.173207
13.2044,0.185875
13.2094,0.156976
13.2144,0.1409
13.2194,0.317357
13.2244,0.217067
13.2294,0.153699
13.2344,0.195632
13.2394,0.182584
13.2444,0.0871966
13.2494,0.137359
13.2544,0.16131
13.2594,0.110746
13.2644,0.147334
13.2694,0.0299611
13.2744,0.086184
13.2794,0.0411295
13.2844,0
13.2894,0.0399849
13.2944,0.259656
13.2994,0.185377
13.3044,0.135752
13.3094,0.145604
13.3144,0.233989
13.3194,0.205823
13.3244,0.104435
13.3294,0.0316735
13.3344,0.210331
13.3394,0.178478
13.3444,0.0657863
13.3494,0.10119
13.3544,0.196613
13.3594,0.128734
13.3644,0.140965
13.3694,0.17727
13.3744,0.127973
13.3794,0.172101
13.3844,0.201919
13.3894,0.167925
13.3944,0.323858
13.3994,0.234981
13.4044,0.209703
13.4094,0.284228
13.4144,0.224431
13.4194,0.133544
13.4244,0.0739547
13.4294,0.143686
13.4344,0.221715
13.4394,0.256614
13.4444,0.0862726
13.4494,0.092764
13.4544,0.132709
13.4594,0.127497
13.4644,0.0906536
13.4694,0.0712822
13.4744,0.169361
13.4794,0.150587
13.4844,0.111584
13.4894,0.251668
13.4944,0.231859
13.4994,0.126742
13.5044,0.132353
13.5094,0.0979363
13.5144,0.181899
13.5194,0.14817
13.5244,0.152243
13.5294,0.0860024
13.5344,0.149925
13.5394,0.179573
13.5444,0.086364
13.5494,0.112498
13.5544,0.0971548
13.5594,0.114402
13.5644,0.206311
13.5694,0.0437786
13.5744,0.0396538
13.5794,0.0201872
13.5844,0.0814308
13.5894,0.16476
13.5944,0.0660078
13.5994,0.0231766
13.6044,0.204858
13.6094,0.171795
13.6144,0.111576
13.6194,0.0441162
13.6244,0.0865303
13.6294,0.151064
13.6344,0.108652
13.6394,0.246805
13.6444,0.0734859
13.6494,0.114991
13.6544,0.115905
13.6594,0.125269
13.6644,0.191749
13.6694,0.130932
13.6744,0.163021
13.6794,0.188127
13.6844,0.146823
13.6894,0.0981563
13.6944,0.200378
13.6994,0.334944
13.7044,0.0607137
13.7094,0.0427805
13.7144,0.12306
13.7194,0.0657601
13.7244,0.0564737
13.7294,0.157547
13.7344,0.213451
13.7394,0.280386
13.7444,0.168421
13.7494,0.0970277
13.7544,0.196274
13.7594,0.0767018
13.7644,0.0906569
13.7694,0.090364
13.7744,0.235831
13.7794,0.145237
13.7844,0.214396
13.7894,0.104751
13.7944,0.053426
13.7994,0.211358
13.8044,0.156055
13.8094,0.0413176
13.8144,0.135028
13.8194,0.154172
13.8244,0.138395
13.8294,0.143586
13.8344,0.179176
13.8394,0.245582
13.8444,0.147751
13.8494,0.144458
13.8544,0.154088
13.8594,0.239749
13.8644,0.103096
13.8694,0.0146317
13.8744,0.0478164
13.8794,0.131101
13.8844,0.252779
13.8894,0.137727
13.8944,0.0404218
13.8994,0.0825845
13.9044,0.217303
13.9094,0.175526
13.9144,0.141929
13.9194,0.0870528
13.9244,0.120718
13.9294,0.122847
13.9344,0.0865085
13.9394,0.0932328
13.9444,0.0943721
13.9494,0.12428
13.9544,0.0347721
13.9594,0.0814529
13.9644,0.12125
13.9694,0.123698
13.9744,0.218413
13.9794,0.0981619
13.9844,0.109806
13.9894,0.0421079
13.9944,0.0374827
13.9994,0.0552208
14.0044,0.200377
14.0094,0.092276
14.0144,0.0409955
14.0194,0.100008
14.0244,0.0947338
14.0294,0.0468909
14.0344,0.132398
14.0394,0.108921
14.0444,0.0865522
14.0494,0.113881
14.0544,0.036791
14.0594,0.104452
14.0644,0.0534905
14.0694,0.0895653
14.0744,0.0861965
14.0794,0.0935124
14.0844,0.0906279
14.0894,0.0540336
14.0944,0.0557237
14.0994,0.0646641
14.1044,0.149741
14.1094,0.241734
14.1144,0.180195
14.1194,0.0892879
14.1244,0.245259
14.1294,0.14608
14.1344,0.1009
14.1394,0.10984
14.1444,0.0427558
14.1494,0.121167
14.1544,0.170944
14.1594,0.104565
14.1644,0.0154157
14.1694,0.0456969
14.1744,0
14.1794,0.0338191
14.1844,0.102715
14.1894,0.160484
14.1944,0.100307
14.1994,0.101328
14.2044,0.096045
14.2094,0.139424
14.2144,0.158823
14.2194,0.117893
14.2244,0.0613705
14.2294,0.097646
14.2344,0.119261
14.2394,0.0215052
14.2444,0
14.2494,0.0113825
14.2544,0.0912944
14.2594,0.0021729
14.2644,0.0531206
14.2694,0.0517291
14.2744,0.0364078
14.2794,0.0660506
14.2844,0.129103
14.2894,0.166831
14.2944,0.170232
14.2994,0.1171
14.3044,0.086876
14.3094,0.066951
14.3144,0.0644691
14.3194,0.103486
14.3244,0.108383
14.3294,0.0866666
14.3344,0.108202
14.3394,0.0853872
14.3444,0.0811048
14.3494,0.0672278
14.3544,0.0569925
14.3594,0.0842776
14.3644,0.0462998
14.3694,0.041979
14.3744,0.0397208
14.3794,0.0418221
14.3844,0.126649
14.3894,0.0974869
14.3944,0.0859512
14.3994,0.0856884
14.4044,0.0645849
14.4094,0.0890787
14.4144,0.116335
14.4194,0.074808
14.4244,0.101656
14.4294,0.12374
14.4344,0.0875247
14.4394,0.141034
14.4444,0.102885
14.4494,0.0458712
14.4544,0.04108
14.4594,0.039407
14.4644,0.0401635
14.4694,0.0750594
14.4744,0.0395694
14.4794,0.0414573
14.4844,0.073515
14.4894,0.0191398
14.4944,0.0434014
14.4994,0.0145629
14.5044,0.065091
14.5094,0.0308568
14.5144,0.0705177
14.5194,0.126813
14.5244,0.076923
14.5294,0.0402956
14.5344,0
14.5394,0.0619742
14.5444,0.154047
14.5494,0.0955057
14.5544,0.0592449
14.5594,0.101052
14.5644,0.0145043
14.5694,0.080972
14.5744,0.083579
14.5794,0.0306442
14.5844,0
14.5894,0.00102341
14.5944,0.0409312
14.5994,0.0398677
14.6044,0.0407267
14.6094,0.0347256
14.6144,0
14.6194,0
14.6244,0
14.6294,0.073375
14.6344,0.098729
14.6394,0.0375955
14.6444,0
14.6494,0
14.6544,0.0642456
14.6594,0.0406041
14.6644,0
14.6694,0
14.6744,0
14.6794,0
14.6844,0.0274452
14.6894,0.0569606
14.6944,0.110143
14.6994,0.0187698
14.7044,0.0583864
14.7094,0.0428446
14.7144,0.00242707
14.7194,0.0423731
14.7244,0.00762469
14.7294,0
14.7344,0
14.7394,0.0300717
14.7444,0.0223532
14.7494,0
14.7544,0
14.7594,0
14.7644,0
14.7694,0
14.7744,0
14.7794,0
14.7844,0
14.7894,0
14.7944,0
14.7994,0
14.8044,0
14.8094,0
14.8144,0
14.8194,0
14.8244,0.00508799
14.8294,0.0449156
14.8344,0.00242129
14.8394,0
14.8444,0
14.8494,0
14.8544,0
14.8594,0
14.8644,0
14.8694,0
14.8744,0
14.8794,0
14.8844,0
14.8894,0
14.8944,0
14.8994,0
14.9044,0
14.9094,0
14.9144,0
14.9194,0.00926739
14.9244,0.0431575
14.9294,0
14.9344,0
14.9394,0
14.9444,0
14.9494,0
14.9544,0
14.9594,0
14.9644,0
14.9694,0
14.9744,0
14.9794,0
14.9844,0
14.9894,0
14.9944,0
14.9994,0
15.0044,0
15.0094,0
15.0144,0
15.0194,0
15.0244,0
15.0294,0
15.0344,0
15.0394,0
15.0444,0
15.0494,0
15.0544,0
15.0594,0
15.0644,0
15.0694,0
15.0744,0
15.0794,0
15.0844,0
15.0894,0
15.0944,0
15.0994,0
15.1044,0
15.1094,0
15.1144,0
15.1194,0
15.1244,0
15.1294,0
15.1344,0
15.1394,0
15.1444,0
15.1494,0
15.1544,0
15.1594,0
15.1644,0
15.1694,0
15.1744,0
15.1794,0
15.1844,0
15.1894,0
15.1944,0
15.1994,0
15.2044,0
15.2094,0
15.2137,0