page call 7177 -> 1234
AAAAAA....

+27 ascii

32
7177 -> 1234

123 12 34 100 71 77 102 100
 a    b    a    b   a    b   a     b   a  b  a    b    a    b   a    b   a    b   a   b   
[123, 123, 12, 123, 34, 123, 100, 12, 71, 34, 77, 100, 102, 71, 100, 77, 38, 102, 38, 100, 38, 38, 38, 38, 38, 38, 38, 38, 38, 38, 38, 38, 38, 38, 38, 38, 38, 38, 38, 38, 38, 38, 38, 38, 38, 38, 38, 38, 38, 38, 38, 38, 38, 38, 38, 38, 117, 38, 65, 38, 23, 117, 117, 65, 117, 23, 117], 28, 38, 117
from 7178 to 1234

[127, 123, 71, 123, 95, 123, 100, 71, 13, 77, 37, 100, 126, 29, 100, 37, 62, 126, 63, 100, 62, 62, 62 , 62, 62, 62, 62, 62, 62
[123, 123, 71, 123, 77, 123, 100, 71, 13, 77, 37, 100, 102, 13, 100, 37, 38, 102, 39, 100, 40, 38, 41 , 39, 42, 40, 43, 41, 22, 42, 23, 43, 24, 22, 25, 23, 26, 24, 27, 25, 117, 26, 27, 27, 85, 117, 117, 27, 117, 85, 117, 117, 8, 22, 36, 83, 76, 23, 29, 112, 20 
, 115, 125, 47, 62, 5, 89, 50, 23, 12, 17, 43, 42, 17, 100, 35, 64, 12, 57, 60, 81, 125, 16, 59, 11, 44, 111, 25, 117, 66, 104, 8, 14, 37, 6, 10, 15, 119, 48, 
 87, 127, 119, 49, 105, 15, 13, 28, 86, 13, 4, 115, 39, 81, 76, 82, 13, 122, 82, 48, 59, 42, 81, 31, 123, 83, 121, 93, 78, 41, 73, 52, 22, 116, 63, 50, 119, 7 
1, 47, 85, 53, 83, 10, 23, 55, 86, 25, 45, 11, 56, 72, 29, 102, 49, 115, 37, 70, 50, 83]   



[123, 123, 12, 123, 34, 123, 100, 12, 71, 34, 78, 100, 102, 79, 100, 94, 38, 102, 38, 100, 38, 38, 38, 38, 38, 38, 38, 38, 38, 6, 38, 38, 38, 38, 38, 38  38, 102, 38, 38, 36, 38, 36, 38, 38, 38, 38, 38, 38, 38, 54, 38, 38, 38, 38, 38, 117, 38, 26, 38, 2, 117, 117, 90, 109, 34, 117, 116]
from 7178 to 1235
[123, 123, 13, 123, 35, 115, 100, 12, 71, 35, 78, 100, 102, 71, 100, 78, 38, 102, 38, 100, 38, 38, 38, 38, 6, 38, 6, 38, 38, 38, 38, 38, 38, 38, 38, 102, 38, 38, 38, 38, 38, 38, 38, 38, 38, 38, 38, 38, 38, 38, 38, 38, 38, 38, 38, 38, 117,  38, 71, 38, 92, 117, 117, 71, 117, 92, 117, 117]  , 0, 75, 100, 25, 123, 119, 109, 15, 68, 15, 52, 13, 33, 18, 63, 39, 19, 75, 55, 49, 113, 71, 106, 83, 10, 107, 20, 12, 20, 24, 36, 98, 17, 52, 77, 92, 33, 109, 23, 91, 10, 98, 105, 119, 22, 121, 57, 20, 57, 70, 21, 87, 117, 52, 47, 56, 91, 38, 68, 71, 75, 33, 26, 8, 5, 94, 67, 91, 113, 73, 48, 123, 109, 35, 115, 44, 92, 93, 16, 0, 12, 49, 84, 4, 40, 27, 4, 66, 43, 114]

from 0001 to 0001                                                                                                                                                                                                           262626         75   26  1D  26  32  75    75   1D  75  32  75    75   FF
[123, 123, 0, 123, 1, 123, 100, 0, 0, 49, 1, 108, 102, 0, 100, 1, 38, 102, 38, 100, 38, 38, 38, 38, 38, 38, 38, 39, 38, 34, 36, 38, 38, 38, 38, 38, 38, 38, 38, 38, 38, 38, 38, 38, 38, 4, 36, 38, 38, 46, 38, 38, 36, 36, 38, 38,        117,  36, 43, 38, 65, 117, 117, 43, 117, 65, 117, 117      , 104, 98, 23, 80, 9, 98, 76, 33, 70, 55, 73, 3, 77, 78, 80, 57, 19, 120, 55, 37, 44, 92, 125, 15, 47, 126, 2, 63, 5, 127, 100, 56, 7, 61, 75, 64, 96, 119, 18, 24, 44, 98, 49, 4, 49, 48, 79, 78, 124, 40, 73, 121, 109, 96, 100, 120, 98, 19, 22, 96, 39, 48, 11, 100, 91, 101, 124, 15, 102, 105, 77, 112, 15, 91, 53, 98, 20, 37, 96, 35, 104, 101, 6, 118, 94, 4, 115, 113, 90, 91, 1, 48]
from 0002 to 0001
[122, 123, 2, 123, 1, 123, 103, 0, 0, 33, 2, 100, 102, 0, 100, 10, 36, 98, 6, 100, 38, 38, 38, 38, 38, 38, 38, 38, 38, 38, 38, 38, 38, 38, 46, 38, 38, 38, 38, 38, 38, 38, 38, 38, 38, 38, 38, 38, 38, 102, 38, 4, 38, 6, 62,          38, 127, 54, 38, 38, 25, 117, 117, 38, 117, 25, 117, 119, 4, 26, 62, 91, 62, 124, 1, 127, 69, 43, 12, 36, 76, 115, 47, 127, 12, 29, 12, 32, 96, 16, 90, 104, 62, 116, 17, 0, 100, 66, 71, 18, 97, 47, 127, 51, 103, 47, 48, 33, 0, 2, 3, 65, 69, 95, 103, 61, 24, 0, 123, 127, 37, 53, 61, 122, 100, 32, 46, 29, 100, 87, 44, 14, 70, 29, 119, 122, 88, 17, 33, 21, 32, 0, 31, 24, 43, 63, 94, 44, 95, 90, 125, 26, 74, 15, 82, 34, 4, 7, 29, 41]

from 0003 ot 0001
[123, 123, 0, 123, 0, 123, 100, 0, 0, 1, 3, 100, 102, 0, 100, 3, 38, 102, 38, 100, 38, 38, 38, 38, 38, 39, 38, 38, 38, 38, 36, 38, 38, 38, 38, 36, 38, 38, 38, 38, 22, 39, 34, 34, 34,38,38,38,38,38,38,38, 38,46, 38,36,                   116, 6, 88, 6,  85, 97, 113,  88, 117, 85, 117, 117, 14, 122, 74, 77, 71, 42, 108, 78, 35, 95, 116, 40, 78, 94, 8, 77, 14, 37, 33, 56, 17, 33, 23, 73, 78, 45, 106, 78, 41, 10, 49, 15, 123, 55, 38, 48, 15, 82, 116, 53, 125, 41, 36, 60, 13, 92, 75, 7, 46, 117, 75, 7, 64, 107, 18, 69, 64, 66, 51, 114, 25, 47, 112, 110, 98, 126, 1, 79, 77, 124, 73, 8, 24, 68, 88, 119, 44, 118, 86, 40, 53, 54, 74, 80, 20, 66, 74, 54, 0]
from 0003 to 0002
[123, 123, 0, 123, 2, 123, 100, 0, 0, 2, 3, 100, 102, 0, 100, 3, 38, 98, 38, 100, 38, 46, 38, 38, 38, 38, 38, 38, 38, 38, 38, 38, 38, 102, 54, 38, 38, 38, 38, 46, 38, 14, 49, 38, 38, 4, 34, 38, 38, 102, 38, 38, 38, 38, 54, 54,         117, 38, 52, 102, 43, 125, 95,  53, 85, 43, 117, 113, 106, 95, 110, 79, 125, 127, 123, 111, 72, 6, 0, 99, 95, 123, 31, 7, 39, 74, 112, 5, 72, 105, 38, 116, 43, 77, 109, 121, 119, 123, 123, 8, 46, 30, 117, 77, 115, 15, 90, 51, 100, 109, 2, 84, 1, 2, 0, 1, 80, 27, 3, 124, 7, 14, 104, 85, 50, 109, 17, 14, 0, 102, 116, 119, 94, 22, 45, 96, 0, 64, 4, 16, 42, 0, 18, 12, 0, 42, 71, 4, 45, 12, 10, 118, 27, 88, 114, 21]
#, 67, 114, 15, 32, 68, 88, 103, 61, 12, 52, 113, 8, 75, 34, 8 , 83, 86, 67, 96, 99, 47, 35, 1, 112, 126, 119, 17, 28, 53, 117, 65, 46, 32, 73, 8, 25, 47, 117, 125, 11, 107, 14, 14, 9, 87, 16, 31, 103, 62, 60, 23, 2, 8, 119, 120, 83, 45, 55, 52, 5, 102, 118, 24, 12, 47, 5 , 63]  
from 0003 to 0003
[123, 123, 0, 123, 3, 127, 102, 0, 1, 3, 3, 100, 102, 0, 100, 3, 38, 102, 38, 100, 38, 38, 38, 38, 38, 110, 38, 110, 76, 38, 38, 38, 38, 38, 102, 54, 38, 38, 6, 38, 39, 38, 38, 38, 38, 38, 38, 38, 50, 66, 110, 106, 78, 46,     110, 38, 127, 6, 45, 38, 89, 117, 117, 45, 85, 124, 117, 117, 4, 5, 91, 74, 10, 87, 82, 69, 75, 51, 30, 8, 106, 104, 92, 121, 124, 127, 43, 16, 1, 0, 16, 0, 0, 82, 127, 127, 15, 36, 110, 118, 127, 117, 96, 23, 106, 125, 127, 114, 107, 127, 25, 110, 100, 71, 4, 47, 116, 54, 84, 44, 25, 1, 127, 111, 127, 117, 52, 112, 30, 97, 80, 36, 112, 40, 89, 107, 6, 109, 10, 93, 100, 80, 2, 44, 33, 117, 125, 15, 71, 2, 89, 0, 32, 118, 127, 127, 63, 39]
from 0001 to 9999
[123, 123, 33, 123, 99, 123, 100, 99, 0, 99, 1, 100, 102, 0, 100, 1, 38, 102, 38, 100, 38, 38, 38, 38, 38, 38, 38, 38, 38, 34, 38, 38, 38, 38, 38, 38, 38, 38, 38, 38, 38, 38, 38, 38, 38, 38, 38, 66, 100, 110, 38, 38, 38, 38, 38, 38,    117, 38, 74, 38, 80, 117, 117, 74, 117, 80, 117, 117, 70, 16, 78, 122, 106, 53, 59, 18, 123, 60, 26, 119, 45, 6, 32, 73, 33, 48, 52, 10, 52, 95, 67, 44, 82, 11, 47, 124, 83, 90, 66, 63, 110, 99, 29, 123, 59, 91, 92, 41, 8, 2, 122, 61, 92, 32, 29, 66, 65, 7, 109, 64, 4, 105, 101, 103, 100, 75, 24, 3, 6, 98, 20, 84, 103, 98, 62, 59, 100, 75, 36, 13, 9, 109, 63, 50, 121, 64, 94, 33, 64, 103, 3, 74, 13, 118, 113, 29]
from 0001 to 0003
[123, 123, 0, 123, 3, 123, 100, 0, 0, 7, 1, 100, 102, 0, 100, 1, 38, 102, 38, 100, 38, 38, 38, 38, 38, 38, 38, 38, 38, 38, 38, 38, 38, 38, 38, 38, 38, 38, 38, 38, 38, 42, 38, 38, 39, 38, 38, 38, 38, 38, 38, 38, 38, 38, 38,          62, 85, 38, 58, 46, 117, 119, 117, 26, 117, 53, 117, 117, 32, 125, 95, 5, 85, 79, 91, 57, 101, 37, 109, 61, 112, 64, 26, 107, 64, 102, 82, 42, 64, 62, 43, 44, 9, 67, 79, 8, 65, 89, 50, 55, 90, 127, 71, 118, 85, 102, 51, 118, 127, 70, 50, 84, 74, 76, 109, 10, 28, 2, 109, 0, 115, 2, 104, 105, 33, 27, 22, 85, 81, 94, 110, 8, 120, 18, 83, 74, 32, 110, 118, 66, 30, 98, 78, 78, 40, 117, 88, 123, 39, 103, 6, 116, 27, 35, 44, 72, 31, 60, 34]
[123, 123, 0, 123, 7, 123, 100, 0, 0, 7, 1, 100, 38, 0, 100, 1, 38, 102, 38, 100, 38, 38, 38, 38, 38, 38, 44, 38, 46, 46, 38, 38, 38, 38, 38, 38, 46, 38, 38, 38, 38, 36, 38, 38, 38, 38, 38, 38, 38, 102, 38, 38, 38, 54, 6,            117, 127, 4, 26, 6, 55, 117, 117, 26, 116, 53, 117, 117, 88, 10, 115, 50, 34, 13, 38, 51, 5, 96, 98, 24, 100, 77, 5, 84, 87, 56, 78, 105, 60, 8, 123, 61, 113, 104, 22, 126, 77, 34, 46, 94, 18, 38, 25, 84, 42, 94, 89, 73, 109, 123, 113, 33, 61, 42, 76, 97, 111, 77, 88, 35, 87, 124, 50, 19, 97, 114, 69, 47, 3, 8, 116, 8, 12, 15, 50, 8, 71, 10, 127, 42, 92, 118, 116, 122, 88, 109, 6, 24, 96, 58, 25, 30, 92, 46, 57, 90, 110, 94, 18, 127]

BBBB
[123, 123, 12, 123, 34, 123, 100, 12, 71, 34, 77, 100, 102, 71, 100, 77, 39, 102, 39, 100, 39, 39, 39, 39, 39, 39, 39, 39, 39, 39, 39, 39, 39, 39, 39, 39, 39, 39, 39, 39, 39, 39, 39, 39, 39, 39, 39, 39, 39, 39, 39, 39, 39, 39, 39, 39, 117, 39, 65, 39, 23, 117, 117, 65, 117, 23, 117, 117, 
#84, 8, 55, 114, 78, 104, 3, 29, 23, 82, 101, 81, 75, 26, 59, 28, 65, 87,  101, 93, 29, 78, 48, 74, 116, 87, 4, 49, 69, 59, 0, 38, 125, 17, 31, 99, 107, 36, 56, 111, 115, 113, 57, 66, 35, 27, 73, 72, 69, 57, 52, 73, 23, 86, 17, 86, 80, 17, 50, 25, 114, 12, 7, 46, 83, 44, 37, 52, 114 , 39]


aaa....

[123, 123, 12, 123, 34, 123, 100, 12, 71, 34, 77, 100, 102, 71, 100, 77, 70, 102, 70, 100, 70, 70, 70, 70, 70, 70, 70, 70, 70, 70, 70, 70, 70, 70, 70, 70, 70, 70, 70, 70, 70, 70, 70, 70, 70, 70, 70, 70, 70, 70, 70, 70, 70, 70, 70, 70, 117, 70, 65, 70, 23, 117, 117, 65, 117, 23, 117, 117, 
#124, 116, 109, 37, 84, 44, 84, 53, 78, 31, 3, 122, 82, 9, 69, 74, 1, 69, 35, 92, 100, 13, 96, 81, 67, 42, 94, 101, 29, 95, 95, 117, 77, 68, 48, 98, 89, 107, 13, 33, 73, 78, 65, 90, 120, 7, 15, 99, 61, 45, 42, 41, 78, 98, 78, 1, 34, 15, 60, 51, 25, 28, 8, 6, 96, 56, 119, 13, 71, 77 
]


16
1234567890
      
62626 26262626 26262626 26                     
                                                                                                            75  [1D]  26  [2]         75   75  [1D]   75  [32]   75    75    FF750075

                                                                         1        2         3  1    4  2   5   3   6    4   7   5  8   6   9   7   0   8   END  9   END2  0   END3   END, END  END2, END  END3  END   END
[123, 123, 12, 123, 34, 123, 100, 12, 71, 34, 77, 100, 102, 71, 100, 77, 22, 102, 23, 100, 24, 22, 25, 23, 26, 24, 27, 25, 28, 26, 29, 27, 30, 28, 21, 29, 117, 30, 65  , 21,  23,   117, 117, 65,  117,   23,   117, 117]

<7178> -> <1234>


[123, 123, 12, 123, 34, 123, 100, 12, 71, 34, 78, 101, 102, 47, 100, 78, 35, 102, 72, 100, 84, 36, 24, 74, 5, 84, 31, 92, 24, 5,                           117, 29, 30,   24,  2,    125, 117, 26,   21,    2,    117, 117,       82, 7, 66, 104, 44, 42, 122, 44, 24, 111, 121, 43, 84, 28, 52, 23, 4, 14, 35, 100, 71, 19,  
56, 115, 58, 44, 118, 10, 97, 78, 54, 112, 55, 125, 125, 61, 126, 122, 7, 97, 5, 111, 101, 63, 53, 21, 40, 9, 54, 56, 5, 22, 45, 64, 6, 85, 5, 17, 104, 20, 72, 81, 32, 89, 107, 90, 49, 126, 3, 32, 106, 126, 88 
, 68, 65, 99, 66, 110, 121, 80, 34, 7, 68, 92, 5, 41, 45, 123, 8, 0, 0, 98, 108, 33, 45, 64, 20, 114, 35, 91, 33, 55, 120, 5, 10, 7, 101, 113, 8, 22, 48, 19, 32, 109, 7]


# 40, 44, 68, 92, 18, 94, 46, 104, 20, 89, 10, 81, 3, 109, 9, 6, 23, 18, 61, 57, 99, 31, 77, 89, 124, 58, 82, 100, 71, 89, 91, 4, 77, 93, 10, 52, 12, 90,  25, 34, 93, 85, 44, 71, 82, 11, 48, 105, 50, 62, 71, 80, 81, 103, 77, 103, 82, 5, 114, 125, 9, 24, 74, 8, 127, 91, 85, 84, 64, 74, 31, 91, 121, 39, 35, 36, 101, 90, 93, 110, 27, 28, 13, 52, 88, 50, 35, 31, 80, 73]                                                            


 A
123, 123, 12, 123, 34, 123, 100, 12, 71, 34, 77, 100, 102, 71, 100, 77, 38, 102, 117, 100, 65, 38, 23, 117, 117, 65, 117, 23, 117, 117
 
 
 #, 118, 70, 42, 91, 65, 84, 1, 100, 5, 28, 6, 55, 67, 64, 13, 82, 31, 99, 14, 27, 63, 111, 100, 69, 50, 51, 45, 17, 97, 69, 34, 102, 114, 120, 45, 123, 86, 120, 2, 109, 32, 76, 15, 0, 31, 96, 64, 126, 127, 63, 96, 47, 47, 66, 115, 122, 79, 61, 101, 63, 60, 111, 39, 93, 114, 99, 118, 125, 16, 111, 70, 42, 115, 67, 54, 31, 46, 1, 8, 16, 60, 23, 53, 95, 125, 60, 3, 38, 36, 17, 127, 30, 40, 103, 97, 22, 21, 4, 63, 12, 48, 2, 13, 69, 49, 10, 127, 112]

 